wl	n
0.019656426	0.879901155
0.019997233	0.875939816
0.020343948	0.871942095
0.020696676	0.867825145
0.021055519	0.863460286
0.021420583	0.858877292
0.021791977	0.854081836
0.022169811	0.849064171
0.022554195	0.843805265
0.022945244	0.8382557
0.023343073	0.83232482
0.023747799	0.826210599
0.024159543	0.819911796
0.024578426	0.813356939
0.025004571	0.806505049
0.025438105	0.798010479
0.025879156	0.788780823
0.026327854	0.778428182
0.026784331	0.766972838
0.027248723	0.754504163
0.027721166	0.741166077
0.028201801	0.72713967
0.028690769	0.712626181
0.029188215	0.697832539
0.029694286	0.682960724
0.030209131	0.668203613
0.030732903	0.653803824
0.031265756	0.640134146
0.031807847	0.627227306
0.032359338	0.615081457
0.03292039	0.603683883
0.03349117	0.593010823
0.034071846	0.583026267
0.03466259	0.573672199
0.035263577	0.564691694
0.035874983	0.555776703
0.03649699	0.54706872
0.037129782	0.538667534
0.037773545	0.530644078
0.03842847	0.523050786
0.03909475	0.515927983
0.039772582	0.509308896
0.040462167	0.503224325
0.041163708	0.497707954
0.041877412	0.492803986
0.04260349	0.488581426
0.043342158	0.48517165
0.044093632	0.48299223
0.044858136	0.484068511
0.045635895	0.488431975
0.046427138	0.495454594
0.047232101	0.504579604
0.04805102	0.51512461
0.048884137	0.52591365
0.0497317	0.53259481
0.050593957	0.528835717
0.051471165	0.517870133
0.052363582	0.504102977
0.053271471	0.491220527
0.054195102	0.486332511
0.055134747	0.489428099
0.056090684	0.49878509
0.057063195	0.511313021
0.058052567	0.525585476
0.059059093	0.541770018
0.060083071	0.559863991
0.061124803	0.579755278
0.062184596	0.601116922
0.063262764	0.62250593
0.064359626	0.643217699
0.065475505	0.66363039
0.066610732	0.684039099
0.067765642	0.704758266
0.068940575	0.726204645
0.07013588	0.749174611
0.071351909	0.775719361
0.072589022	0.806052799
0.073847584	0.839836818
0.075127967	0.876762625
0.07643055	0.916366562
0.077755717	0.957661799
0.079103861	0.99820195
0.080475378	1.037798616
0.081870676	1.077332901
0.083290165	1.117697312
0.084734265	1.160273525
0.086203404	1.207210431
0.087698015	1.258575725
0.08921854	1.314255422
0.090765428	1.374446652
0.092339136	1.439098539
0.093940129	1.507639735
0.095568881	1.579371782
0.097225872	1.653228675
0.098911592	1.72742367
0.10062654	1.80045637
0.102371222	1.873352217
0.104146154	1.947171924
0.105951859	2.022944949
0.107788873	2.101925237
0.109657737	2.18591653
0.111559003	2.276343875
0.113493234	2.37346981
0.115461001	2.478428965
0.117462886	2.594264422
0.119499479	2.716073081
0.121571384	2.829268909
0.123679212	2.917293982
0.125823585	2.963805431
0.128005138	2.984143511
0.130224515	3.00102122
0.132482373	3.030690146
0.134779377	3.078056632
0.137116207	3.126305668
0.139493554	3.164309189
0.141912119	3.199959194
0.144372618	3.240716621
0.146875778	3.288215208
0.149422338	3.343526102
0.152013051	3.408757692
0.154648682	3.467766811
0.15733001	3.50686159
0.160057827	3.519154608
0.16283294	3.50134137
0.165656168	3.453153891
0.168528346	3.376849991
0.171450322	3.276400241
0.17442296	3.156377247
0.177447138	3.027955434
0.18052375	2.921135791
0.183653705	2.837403544
0.186837928	2.774595459
0.190077359	2.730944298
0.193372956	2.705360542
0.196725693	2.697582861
0.20013656	2.708576405
0.203606565	2.734216233
0.207136734	2.759586883
0.21072811	2.780700755
0.214381754	2.795519246
0.218098745	2.803707537
0.221880182	2.805621031
0.225727183	2.802633392
0.229640883	2.795966732
0.23362244	2.787070884
0.23767303	2.777116798
0.24179385	2.767192967
0.245986117	2.758225378
0.250251071	2.750817069
0.254589971	2.745388035
0.2590041	2.742228682
0.263494762	2.741028281
0.268063284	2.741552485
0.272711016	2.743263976
0.277439331	2.74530832
0.282249626	2.747118763
0.287143324	2.748207615
0.292121869	2.748130765
0.297186733	2.746828325
0.302339412	2.744120047
0.30758143	2.740144895
0.312914335	2.735208627
0.318339703	2.72934459
0.323859137	2.722790886
0.329474267	2.71577069
0.335186754	2.708420857
0.340998285	2.701010139
0.346910578	2.693345239
0.352925379	2.685778463
0.359044466	2.678301119
0.365269647	2.670843437
0.371602761	2.663623285
0.378045679	2.656555782
0.384600307	2.649669477
0.391268579	2.643027778
0.398052468	2.636605361
0.404953976	2.630403986
0.411975145	2.624417441
0.419118048	2.618627708
0.426384795	2.613052524
0.433777535	2.607791763
0.441298452	2.602625866
0.448949768	2.597651277
0.456733744	2.592908242
0.464652679	2.588351594
0.472708915	2.583922685
0.480904831	2.579696218
0.48924285	2.575655395
0.497725435	2.571804063
0.506355092	2.56800173
0.515134372	2.564483315
0.524065869	2.561020134
0.533152222	2.557612798
0.542396116	2.554446627
0.551800282	2.551392981
0.5613675	2.548444011
0.571100595	2.545597647
0.581002445	2.542831244
0.591075975	2.540199731
0.601324162	2.537694554
0.611750033	2.53525658
0.622356671	2.532867002
0.633147208	2.530614842
0.644124834	2.528435622
0.655292792	2.526340213
0.666654382	2.524384747
0.678212961	2.522429407
0.689971945	2.520538124
0.701934809	2.51876687
0.714105087	2.517020744
0.726486376	2.515311731
0.739082334	2.51372801
0.751896682	2.512182108
0.764933209	2.510644519
0.778195765	2.509237763
0.79168827	2.507855046
0.805414711	2.50648749
0.819379143	2.505234118
0.833585693	2.50393716
0.848038559	2.502717309
0.862742011	2.501641744
0.877700395	2.500481227
0.89291813	2.499436488
0.908399713	2.498409741
0.924149718	2.497400651
0.940172801	2.496408725
0.956473694	2.495444823
0.973057215	2.494571571
0.989928265	2.493739542
1.007091828	2.492913245
1.024552976	2.492103598
1.042316868	2.491301913
1.060388755	2.490512923
1.078773975	2.489766394
1.097477962	2.489101404
1.116506242	2.488448063
1.135864437	2.487800346
1.155558269	2.487152428
1.175593556	2.486512596
1.195976219	2.4859704
1.21671228	2.485379336
1.237807867	2.484850659
1.259269214	2.484277453
1.281102661	2.483787725
1.30331466	2.483307185
1.325911776	2.482834797
1.348900684	2.482370336
1.372288179	2.481913571
1.39608117	2.481465638
1.420286688	2.481093888
1.444911887	2.480688019
1.469964042	2.480262178
1.495450555	2.479937369
1.521378959	2.479528581
1.547756915	2.479218422
1.574592216	2.478817052
1.601892793	2.478533029
1.629666712	2.478219461
1.657922181	2.477918337
1.686667548	2.477581143
1.715911308	2.477325974
1.745662102	2.477054558
1.775928721	2.476773311
1.806720108	2.476476046
1.838045362	2.476308524
1.869913739	2.476041287
1.902334656	2.475752446
1.935317693	2.47560013
1.968872596	2.475315641
2.003009281	2.475164044
2.037737833	2.474889265
2.073068516	2.474742381
2.109011769	2.474471859
2.145578213	2.474326316
2.182778653	2.474176252
2.22062408	2.473954368
2.25912568	2.473772022
2.298294827	2.473624184
2.338143096	2.47347919
2.378682262	2.473335885
2.419924303	2.473194206
2.461881407	2.473063193
2.504565972	2.472845286
2.547990609	2.472679632
2.59216815	2.472545403
2.637111651	2.472412398
2.68283439	2.47227336
2.729349878	2.472199318
2.776671861	2.47212608
2.824814322	2.471992631
2.873791485	2.471867601
2.923617824	2.471742742
2.974308061	2.471619096
3.025877175	2.471496137
3.078340404	2.47137554
3.131713251	2.471245907
3.186011486	2.471219045
3.241251154	2.471118524
3.297448578	2.470996842
3.354620363	2.470882812
3.412783403	2.47075515
3.471954886	2.47068293
3.532152294	2.470642994
3.593393417	2.470516625
3.65569635	2.470401898
3.719079502	2.470373931
3.783561604	2.470286777
3.849161709	2.470158326
3.9158992	2.470066159
3.983793799	2.47003764
4.052865567	2.46993587
4.123134915	2.469809002
4.194622606	2.469718945
4.267349764	2.469686738
4.341337879	2.469590046
4.416608813	2.469463759
4.49318481	2.4693558
4.571088496	2.469315662
4.65034289	2.469235308
4.730971412	2.469114614
4.812997887	2.46906659
4.896446552	2.46899298
4.981342065	2.468865951
5.067709514	2.468798395
5.155574417	2.468739663
5.244962738	2.468614154
5.335900892	2.468514908
5.428415748	2.468463205
5.522534644	2.468363221
5.618285391	2.468230254
5.715696282	2.468148334
5.814796102	2.468080837
5.915614134	2.467959418
6.018180167	2.467825899
6.12252451	2.467731663
6.228677995	2.467657199
6.336671988	2.46758104
6.446538402	2.467486657
6.558309701	2.467352585
6.672018912	2.467203586
6.787699634	2.467089651
6.90538605	2.466998419
7.025112936	2.466873397
7.146915669	2.466711358
7.27083024	2.466559129
7.396893266	2.466431884
7.525141997	2.466317145
7.655614328	2.466199032
7.788348813	2.466074821
7.923384673	2.465925995
8.060761811	2.465748553
8.20052082	2.465559237
8.342702996	2.465386446
8.487350354	2.465230504
8.634505635	2.465075187
8.784212322	2.464910729
8.936514652	2.464737019
9.091457629	2.464559307
9.249087036	2.464379417
9.409449451	2.464196492
9.57259226	2.463995531
9.73856367	2.463771111
9.907412723	2.463522984
10.07918931	2.463270371

wl	k
0.019656426	0.030901074
0.019997233	0.032472071
0.020343948	0.034032844
0.020696676	0.035537555
0.021055519	0.037031508
0.021420583	0.038550496
0.021791977	0.040097988
0.022169811	0.041669546
0.022554195	0.043256391
0.022945244	0.044863068
0.023343073	0.046576698
0.023747799	0.04836335
0.024159543	0.050108736
0.024578426	0.051691933
0.025004571	0.052801861
0.025438105	0.054009567
0.025879156	0.055509431
0.026327854	0.057423007
0.026784331	0.060011047
0.027248723	0.063501701
0.027721166	0.068088906
0.028201801	0.073925514
0.028690769	0.08112057
0.029188215	0.08974155
0.029694286	0.099822078
0.030209131	0.111380104
0.030732903	0.124400559
0.031265756	0.138677523
0.031807847	0.15398667
0.032359338	0.170163993
0.03292039	0.187074787
0.03349117	0.204598544
0.034071846	0.222616249
0.03466259	0.240979148
0.035263577	0.259649875
0.035874983	0.278853038
0.03649699	0.298732024
0.037129782	0.319335819
0.037773545	0.340682041
0.03842847	0.362778105
0.03909475	0.385631372
0.039772582	0.409255764
0.040462167	0.433677688
0.041163708	0.458943404
0.041877412	0.485131166
0.04260349	0.512376407
0.043342158	0.540942022
0.044093632	0.571312729
0.044858136	0.60234859
0.045635895	0.632717234
0.046427138	0.661516449
0.047232101	0.687931459
0.04805102	0.710945843
0.048884137	0.728815285
0.0497317	0.741795049
0.050593957	0.756880856
0.051471165	0.778595998
0.052363582	0.808498997
0.053271471	0.847533144
0.054195102	0.891369607
0.055134747	0.93617103
0.056090684	0.97937764
0.057063195	1.02076124
0.058052567	1.061107734
0.059059093	1.100615982
0.060083071	1.139160203
0.061124803	1.176431055
0.062184596	1.211830532
0.063262764	1.245837403
0.064359626	1.279565594
0.065475505	1.313648153
0.066610732	1.348537727
0.067765642	1.384663891
0.068940575	1.422539714
0.07013588	1.462811665
0.071351909	1.504164649
0.072589022	1.545389259
0.073847584	1.585734958
0.075127967	1.624516887
0.07643055	1.660948353
0.077755717	1.694013409
0.079103861	1.725493946
0.080475378	1.75720287
0.081870676	1.79005298
0.083290165	1.82482429
0.084734265	1.862149686
0.086203404	1.900086627
0.087698015	1.937524967
0.08921854	1.973964497
0.090765428	2.008579349
0.092339136	2.04020779
0.093940129	2.068049838
0.095568881	2.091334289
0.097225872	2.10925619
0.098911592	2.121625895
0.10062654	2.131738722
0.102371222	2.14070982
0.104146154	2.148919793
0.105951859	2.156568014
0.107788873	2.163723939
0.109657737	2.170103639
0.111559003	2.172672441
0.113493234	2.169775497
0.115461001	2.160304991
0.117462886	2.141012344
0.119499479	2.09444177
0.121571384	2.016216961
0.123679212	1.910487798
0.125823585	1.791395813
0.128005138	1.699590936
0.130224515	1.637894126
0.132482373	1.597796956
0.134779377	1.561129376
0.137116207	1.506491589
0.139493554	1.442588609
0.141912119	1.385072423
0.144372618	1.332193565
0.146875778	1.277441379
0.149422338	1.21630804
0.152013051	1.142185148
0.154648682	1.041520481
0.15733001	0.917988672
0.160057827	0.781205587
0.16283294	0.640791791
0.165656168	0.506215539
0.168528346	0.386182883
0.171450322	0.288368325
0.17442296	0.220374011
0.177447138	0.189578851
0.18052375	0.191883258
0.183653705	0.212910208
0.186837928	0.244548104
0.190077359	0.282046528
0.193372956	0.322024285
0.196725693	0.361353902
0.20013656	0.395661018
0.203606565	0.417940451
0.207136734	0.423664633
0.21072811	0.417474309
0.214381754	0.403286715
0.218098745	0.384637327
0.221880182	0.364340987
0.225727183	0.34455616
0.229640883	0.326538501
0.23362244	0.311044267
0.23767303	0.298304128
0.24179385	0.288264379
0.245986117	0.280585381
0.250251071	0.274727073
0.254589971	0.270074634
0.2590041	0.265900316
0.263494762	0.261453575
0.268063284	0.256179421
0.272711016	0.249559902
0.277439331	0.241344212
0.282249626	0.231617833
0.287143324	0.220575471
0.292121869	0.208554384
0.297186733	0.195959143
0.302339412	0.18315186
0.30758143	0.170540755
0.312914335	0.158361691
0.318339703	0.146750609
0.323859137	0.135868904
0.329474267	0.125770838
0.335186754	0.11646883
0.340998285	0.107897291
0.346910578	0.100023526
0.352925379	0.092869941
0.359044466	0.086308513
0.365269647	0.080327072
0.371602761	0.074893329
0.378045679	0.069919653
0.384600307	0.065392185
0.391268579	0.061265061
0.398052468	0.057483915
0.404953976	0.054017269
0.411975145	0.050835386
0.419118048	0.047922572
0.426384795	0.045272211
0.433777535	0.042811946
0.441298452	0.040516095
0.448949768	0.038430183
0.456733744	0.036514775
0.464652679	0.034730947
0.472708915	0.033091067
0.480904831	0.031596844
0.48924285	0.030214823
0.497725435	0.028910495
0.506355092	0.027716128
0.515134372	0.02660951
0.524065869	0.02554027
0.533152222	0.024589594
0.542396116	0.023733096
0.551800282	0.02291274
0.5613675	0.022142684
0.571100595	0.021425536
0.581002445	0.020773773
0.591075975	0.020184413
0.601324162	0.019624854
0.611750033	0.019090767
0.622356671	0.018614915
0.633147208	0.018190143
0.644124834	0.017795212
0.655292792	0.017442547
0.666654382	0.017098178
0.678212961	0.016763282
0.689971945	0.016479676
0.701934809	0.016217195
0.714105087	0.015964842
0.726486376	0.015758704
0.739082334	0.015577489
0.751896682	0.015394987
0.764933209	0.015250668
0.778195765	0.015129567
0.79168827	0.015002573
0.805414711	0.014906144
0.819379143	0.01481777
0.833585693	0.014744731
0.848038559	0.014725949
0.862742011	0.014689816
0.877700395	0.014653162
0.89291813	0.014646155
0.908399713	0.014630625
0.924149718	0.014625017
0.940172801	0.014641633
0.956473694	0.014693544
0.973057215	0.014760247
0.989928265	0.014811794
1.007091828	0.014857776
1.024552976	0.014911119
1.042316868	0.014979265
1.060388755	0.015075517
1.078773975	0.015202922
1.097477962	0.015331316
1.116506242	0.015443046
1.135864437	0.015553728
1.155558269	0.015677512
1.175593556	0.01583304
1.195976219	0.015987449
1.21671228	0.016137547
1.237807867	0.016297204
1.259269214	0.016473119
1.281102661	0.016669144
1.30331466	0.016855088
1.325911776	0.017042748
1.348900684	0.01723762
1.372288179	0.017444935
1.39608117	0.017674775
1.420286688	0.017900511
1.444911887	0.018112145
1.469964042	0.018355674
1.495450555	0.018598363
1.521378959	0.018843783
1.547756915	0.019098313
1.574592216	0.019366507
1.601892793	0.019654618
1.629666712	0.019924718
1.657922181	0.020198739
1.686667548	0.02049695
1.715911308	0.020808087
1.745662102	0.021105357
1.775928721	0.021412454
1.806720108	0.02175552
1.838045362	0.022086441
1.869913739	0.022391357
1.902334656	0.022748835
1.935317693	0.023100448
1.968872596	0.023451522
2.003009281	0.023813878
2.037737833	0.024181152
2.073068516	0.024561755
2.109011769	0.024953389
2.145578213	0.025375301
2.182778653	0.025763193
2.22062408	0.026164935
2.25912568	0.026603399
2.298294827	0.027045827
2.338143096	0.027483857
2.378682262	0.027922851
2.419924303	0.028364033
2.461881407	0.028795889
2.504565972	0.029252221
2.547990609	0.029755761
2.59216815	0.030267251
2.637111651	0.030781982
2.68283439	0.031316515
2.729349878	0.031853602
2.776671861	0.032362015
2.824814322	0.032872044
2.873791485	0.033406753
2.923617824	0.033956101
2.974308061	0.034520082
3.025877175	0.035099389
3.078340404	0.035695349
3.131713251	0.036321989
3.186011486	0.036941261
3.241251154	0.037534861
3.297448578	0.038153586
3.354620363	0.038796796
3.412783403	0.039469719
3.471954886	0.040162638
3.532152294	0.040832824
3.593393417	0.041506787
3.65569635	0.042230032
3.719079502	0.042952388
3.783561604	0.043654944
3.849161709	0.044391661
3.9158992	0.045167721
3.983793799	0.045932917
4.052865567	0.046687335
4.123134915	0.047482967
4.194622606	0.048315591
4.267349764	0.049139163
4.341337879	0.049952404
4.416608813	0.050802882
4.49318481	0.051697069
4.571088496	0.052595909
4.65034289	0.05348334
4.730971412	0.054405781
4.812997887	0.055349522
4.896446552	0.056282301
4.981342065	0.057246644
5.067709514	0.058243554
5.155574417	0.059231408
5.244962738	0.060237595
5.335900892	0.061287903
5.428415748	0.06234201
5.522534644	0.063394188
5.618285391	0.064486949
5.715696282	0.065613226
5.814796102	0.066735393
5.915614134	0.067869077
6.018180167	0.069048369
6.12252451	0.070261813
6.228677995	0.071483056
6.336671988	0.072705556
6.446538402	0.073933649
6.558309701	0.075185568
6.672018912	0.076483406
6.787699634	0.077817742
6.90538605	0.07915807
7.025112936	0.080504018
7.146915669	0.08188576
7.27083024	0.08331489
7.396893266	0.084774816
7.525141997	0.086250089
7.655614328	0.087737553
7.788348813	0.089238211
7.923384673	0.090756863
8.060761811	0.092309019
8.20052082	0.09390764
8.342702996	0.095549134
8.487350354	0.097217687
8.634505635	0.098905317
8.784212322	0.100614878
8.936514652	0.102351855
9.091457629	0.104118302
9.249087036	0.10591219
9.409449451	0.10772942
9.57259226	0.109569918
9.73856367	0.111442103
9.907412723	0.113357189
10.07918931	0.115321633
