           1
          63
  
  0.1000000000000E+00   0.3528676234847E-25
  0.1351107797000E+00   0.2614529510891E-22
  0.1825492280000E+00   0.3398079123931E-21
  0.2466436854000E+00   0.1782222390326E-20
  0.3332422064000E+00   0.4888739590779E-20
  0.4502461435000E+00   0.8398873915230E-20
  0.6083310752000E+00   0.1007033494378E-19
  0.8219208591000E+00   0.9458603347045E-20
  0.1110503682000E+01   0.8712881097703E-20
  0.1500410183000E+01   0.7240193647776E-20
  0.2027215898000E+01   0.4569683294174E-20
  0.2738987206000E+01   0.2537084136815E-20
  0.3700666971000E+01   0.1536953535238E-20
  0.5000000000000E+01   0.9303360811309E-21
  0.5138097281000E+01   0.8943874495940E-21
  0.5280008734000E+01   0.8600607989713E-21
  0.5425839704000E+01   0.8269767108681E-21
  0.5575698446000E+01   0.7926316580416E-21
  0.5729696205000E+01   0.7571775348809E-21
  0.5887947299000E+01   0.7230784362723E-21
  0.6050569202000E+01   0.6903912995887E-21
  0.6217682633000E+01   0.6591763900691E-21
  0.6389411646000E+01   0.6291742528568E-21
  0.6565883721000E+01   0.6028584064105E-21
  0.6747229859000E+01   0.5817399996179E-21
  0.6933584679000E+01   0.5614029957510E-21
  0.7125086518000E+01   0.5455474777291E-21
  0.7321877533000E+01   0.5324541306358E-21
  0.7524103809000E+01   0.5240860844529E-21
  0.7731915465000E+01   0.5433064094785E-21
  0.7945466765000E+01   0.5694601391126E-21
  0.8164916237000E+01   0.7081616913603E-21
  0.8390426783000E+01   0.1320728263805E-20
  0.8622165809000E+01   0.2440193758951E-20
  0.8860305340000E+01   0.4008382116513E-20
  0.9105022155000E+01   0.6167775940439E-20
  0.9356497916000E+01   0.8211214671844E-20
  0.9614919301000E+01   0.9380619428816E-20
  0.9880478143000E+01   0.9350869036837E-20
  0.1015337158000E+02   0.8430025564933E-20
  0.1043380218000E+02   0.7252497798893E-20
  0.1072197812000E+02   0.5960996309343E-20
  0.1101811333000E+02   0.4760031413480E-20
  0.1132242763000E+02   0.3738856501444E-20
  0.1163514692000E+02   0.2776642291340E-20
  0.1195650335000E+02   0.1976135142547E-20
  0.1228673547000E+02   0.1431113845961E-20
  0.1262608842000E+02   0.1112017437320E-20
  0.1297481412000E+02   0.9832483504483E-21
  0.1333317143000E+02   0.1046435568418E-20
  0.1370142638000E+02   0.1153632637019E-20
  0.1407985232000E+02   0.1272425800206E-20
  0.1446873019000E+02   0.1364091224021E-20
  0.1486834865000E+02   0.1487417644496E-20
  0.1527900435000E+02   0.1775554332420E-20
  0.1570100214000E+02   0.2200173630720E-20
  0.1613465528000E+02   0.2653085165073E-20
  0.1658028569000E+02   0.2961999881087E-20
  0.1703822416000E+02   0.3004248095516E-20
  0.1750881065000E+02   0.2851363282686E-20
  0.1799239448000E+02   0.2574817413040E-20
  0.1848933463000E+02   0.2267005235999E-20
  0.1900000000000E+02   0.1943883014991E-20
