58332.00773313333 1.167e-04 2.095283e-01 2.095e-03 0
58332.00794137546 1.166e-04 2.085625e-01 2.207e-03 0
58332.00814967546 1.166e-04 2.069064e-01 2.159e-03 0
58332.0083581912 1.168e-04 2.036921e-01 2.206e-03 0
58332.0085664912 1.168e-04 2.073422e-01 2.190e-03 0
58332.00877473333 1.167e-04 2.042963e-01 2.112e-03 0
58332.00898324908 1.169e-04 2.056498e-01 2.134e-03 0
58332.00919143333 1.167e-04 2.082818e-01 2.247e-03 0
58332.0093997912 1.168e-04 2.060464e-01 2.157e-03 0
58332.00960807547 1.166e-04 2.085830e-01 2.155e-03 0
58332.00982479259 1.102e-04 2.069238e-01 2.206e-03 0
58332.01002467547 1.166e-04 2.049934e-01 2.069e-03 0
58332.01024457547 1.166e-04 2.049226e-01 2.109e-03 0
58332.01045297547 1.166e-04 2.051585e-01 2.215e-03 0
58332.01066133333 1.167e-04 2.088321e-01 2.225e-03 0
58332.01086957547 1.166e-04 2.071007e-01 2.356e-03 0
58332.0110779176 1.164e-04 2.095228e-01 2.331e-03 0
58332.0112979912 1.168e-04 2.063660e-01 2.254e-03 0
58332.01150623333 1.167e-04 2.072670e-01 2.335e-03 0
58332.01171447546 1.166e-04 2.023536e-01 2.223e-03 0
58332.01192287546 1.166e-04 2.048902e-01 2.195e-03 0
58332.0180799037 1.157e-03 2.040436e-01 6.741e-04 0
58332.01934157153 1.158e-03 2.036367e-01 6.575e-04 0
58332.02058007153 1.158e-03 2.045717e-01 6.917e-04 0
58332.02183025092 1.158e-03 2.055448e-01 6.929e-04 0
58332.02308019306 1.158e-03 2.047015e-01 6.850e-04 0
58332.02434375579 1.158e-03 2.035899e-01 6.954e-04 0
58332.02558019306 1.158e-03 2.014218e-01 6.999e-04 0
58332.02683025092 1.158e-03 2.028644e-01 7.111e-04 0
58332.02808013518 1.158e-03 2.018881e-01 7.004e-04 0
58332.02933007731 1.158e-03 2.041323e-01 7.050e-04 0
58332.03059538797 1.157e-03 2.022019e-01 6.983e-04 0
58332.03182996158 1.158e-03 2.031256e-01 7.067e-04 0
58332.0330803088 1.158e-03 2.025788e-01 7.068e-04 0
58332.03433007731 1.158e-03 2.026093e-01 6.842e-04 0
58332.03558019306 1.158e-03 2.026016e-01 7.003e-04 0
58332.03684151945 1.158e-03 2.019605e-01 7.122e-04 0
58332.03809146157 1.158e-03 2.022656e-01 6.739e-04 0
58332.03934157731 1.158e-03 2.012933e-01 6.824e-04 0
58332.04059157732 1.158e-03 2.009051e-01 7.050e-04 0
58332.04184151944 1.158e-03 2.019779e-01 6.934e-04 0
58332.0430916294 1.158e-03 2.023362e-01 7.166e-04 0
58332.04434169306 1.158e-03 2.020356e-01 7.050e-04 0
58332.04559145579 1.158e-03 2.014628e-01 7.098e-04 0
58332.0468601294 1.158e-03 2.013855e-01 7.303e-04 0
58332.0481065037 1.157e-03 2.018936e-01 7.253e-04 0
58332.04935340879 1.158e-03 2.018089e-01 7.073e-04 0
58332.05060329306 1.158e-03 2.026973e-01 7.322e-04 0
58332.0518534088 1.158e-03 2.021981e-01 7.294e-04 0
58332.05310306157 1.158e-03 2.038257e-01 7.619e-04 0
58332.05436581944 1.158e-03 2.027506e-01 7.408e-04 0
58332.05561211528 1.152e-03 2.031790e-01 7.449e-04 0
58332.05685364027 1.159e-03 2.027981e-01 7.593e-04 0
58332.05811558866 1.151e-03 2.020204e-01 7.488e-04 0
58332.05935288796 1.157e-03 2.012838e-01 7.192e-04 0
58332.06060306157 1.158e-03 2.021942e-01 7.449e-04 0
58332.06185311945 1.158e-03 2.024256e-01 7.424e-04 0
58332.06805699306 1.158e-03 2.006915e-01 6.984e-04 0
58332.06930664583 1.157e-03 2.012378e-01 6.929e-04 0
58332.07055675579 1.158e-03 2.010140e-01 6.848e-04 0
58332.07180699306 1.158e-03 2.005015e-01 6.697e-04 0
58332.07305681945 1.158e-03 1.989415e-01 6.576e-04 0
58332.07431841944 1.158e-03 1.999265e-01 6.660e-04 0
58332.07556569953 1.152e-03 1.999783e-01 6.517e-04 0
58332.0768076875 1.159e-03 2.001460e-01 6.539e-04 0
58332.07805699306 1.158e-03 2.006775e-01 6.494e-04 0
58332.07930681945 1.158e-03 2.000038e-01 6.430e-04 0
58332.08056847731 1.158e-03 2.005837e-01 6.344e-04 0
58332.08181853518 1.158e-03 1.988323e-01 6.144e-04 0
58332.08306836157 1.158e-03 1.989710e-01 6.036e-04 0
58332.08431859306 1.158e-03 1.986226e-01 5.906e-04 0
58332.08556847731 1.158e-03 1.999582e-01 5.992e-04 0
58332.0868183037 1.157e-03 1.997388e-01 5.951e-04 0
58332.08806859306 1.158e-03 1.984701e-01 5.837e-04 0
58332.0893185294 1.158e-03 1.993701e-01 6.056e-04 0
58332.09056859306 1.158e-03 1.980312e-01 5.984e-04 0
58332.09183007731 1.158e-03 1.969180e-01 5.980e-04 0
58332.09409857731 1.158e-03 1.994892e-01 6.130e-04 0
58332.09534851945 1.158e-03 1.995825e-01 6.505e-04 0
58332.0966152037 1.157e-03 1.996062e-01 6.067e-04 0
58332.09785723588 1.152e-03 1.981598e-01 6.251e-04 0
58332.09911354027 1.159e-03 2.001674e-01 6.155e-04 0
58332.10034869306 1.158e-03 1.994545e-01 6.089e-04 0
58332.10161017731 1.158e-03 1.998021e-01 6.101e-04 0
58332.10284851945 1.158e-03 1.999691e-01 6.369e-04 0
58332.10409874514 1.158e-03 1.999493e-01 6.422e-04 0
58332.1053603088 1.158e-03 1.986271e-01 6.090e-04 0
58332.10662457731 1.158e-03 1.978663e-01 6.057e-04 0
58332.1078601294 1.158e-03 1.989685e-01 6.100e-04 0
58332.10912161945 1.158e-03 1.982380e-01 6.050e-04 0
58332.11037801945 1.158e-03 1.984382e-01 6.193e-04 0
58332.11163441945 1.158e-03 1.988847e-01 6.059e-04 0
58332.11287173518 1.158e-03 1.975958e-01 6.134e-04 0
58332.1141217294 1.158e-03 1.975748e-01 6.176e-04 0
58332.11538327731 1.158e-03 1.977562e-01 6.024e-04 0
58332.11663321945 1.158e-03 1.968352e-01 6.128e-04 0
58332.11788327731 1.158e-03 1.976209e-01 6.089e-04 0
58332.12110139814 1.159e-03 1.976538e-01 6.353e-04 0
58332.12235099306 1.158e-03 1.977705e-01 6.323e-04 0
58332.1236009294 1.158e-03 1.973478e-01 6.362e-04 0
58332.12485099306 1.158e-03 1.960753e-01 6.371e-04 0
58332.12610087153 1.158e-03 1.969117e-01 6.203e-04 0
58332.12736236157 1.158e-03 1.965595e-01 6.317e-04 0
58332.12860952593 1.152e-03 1.967681e-01 6.131e-04 0
58332.12985958379 1.152e-03 1.973518e-01 6.128e-04 0
58332.13111466158 1.158e-03 1.974564e-01 6.238e-04 0
58332.13235081945 1.158e-03 1.972241e-01 6.079e-04 0
58332.13360087731 1.158e-03 1.969182e-01 6.181e-04 0
58332.13485087732 1.158e-03 1.967345e-01 5.892e-04 0
58332.13610064583 1.157e-03 1.954173e-01 6.061e-04 0
58332.13736684583 1.157e-03 1.977587e-01 6.319e-04 0
58332.1386183294 1.158e-03 1.957953e-01 6.408e-04 0
58332.13985081945 1.158e-03 1.959630e-01 6.001e-04 0
58332.14112117732 1.158e-03 1.964232e-01 6.082e-04 0
58332.14236218796 1.157e-03 1.969853e-01 6.077e-04 0
58332.14361218796 1.157e-03 1.956675e-01 6.035e-04 0
58332.14487246574 1.163e-03 1.964610e-01 6.043e-04 0
58332.14700379306 1.158e-03 1.954347e-01 5.840e-04 0
58332.14825361945 1.158e-03 1.951507e-01 5.851e-04 0
58332.14950385092 1.158e-03 1.970926e-01 6.092e-04 0
58332.15076517731 1.158e-03 1.969721e-01 6.235e-04 0
58332.15201222593 1.152e-03 1.953547e-01 6.030e-04 0
58332.15325361945 1.158e-03 1.957783e-01 6.041e-04 0
58332.1545037294 1.158e-03 1.975493e-01 6.027e-04 0
58332.15576505579 1.158e-03 1.959894e-01 6.057e-04 0
58332.15701494583 1.157e-03 1.954375e-01 6.001e-04 0
58332.15825367731 1.158e-03 1.943773e-01 6.085e-04 0
58332.15950367731 1.158e-03 1.954455e-01 6.104e-04 0
58332.1607784037 1.157e-03 1.958868e-01 5.871e-04 0
58332.16201511944 1.158e-03 1.953327e-01 6.261e-04 0
58332.16326529306 1.158e-03 1.957981e-01 6.203e-04 0
58332.16451511945 1.158e-03 1.953793e-01 6.161e-04 0
58332.16576529306 1.158e-03 1.955849e-01 6.242e-04 0
58332.16702677153 1.158e-03 1.952633e-01 6.202e-04 0
58332.1682768294 1.158e-03 1.954571e-01 6.530e-04 0
58332.16952677731 1.158e-03 1.959907e-01 6.450e-04 0
58332.17077665579 1.158e-03 1.940692e-01 6.176e-04 0
58332.1734736294 1.158e-03 1.947054e-01 5.991e-04 0
58332.17472351945 1.158e-03 1.945615e-01 6.058e-04 0
58332.17597357732 1.158e-03 1.951278e-01 6.016e-04 0
58332.17723935092 1.158e-03 1.952636e-01 6.019e-04 0
58332.17847357731 1.158e-03 1.951875e-01 5.909e-04 0
58332.17972346157 1.158e-03 1.968770e-01 5.858e-04 0
58332.1809736294 1.158e-03 1.948083e-01 6.180e-04 0
58332.18223917731 1.158e-03 1.945980e-01 6.005e-04 0
58332.1834902037 1.157e-03 1.947441e-01 6.155e-04 0
58332.18472369306 1.158e-03 1.935430e-01 5.759e-04 0
58332.1859738088 1.158e-03 1.942632e-01 6.174e-04 0
58332.18722294074 1.156e-03 1.945492e-01 5.943e-04 0
58332.1884822838 1.152e-03 1.981900e-01 5.797e-04 0
58332.18972386667 1.158e-03 1.946211e-01 5.862e-04 0
58332.19097375093 1.158e-03 1.942805e-01 6.377e-04 0
58332.1922234037 1.157e-03 1.943297e-01 6.334e-04 0
58332.19348524514 1.158e-03 1.948227e-01 6.083e-04 0
58332.19473507731 1.158e-03 1.948090e-01 6.346e-04 0
58332.19598517731 1.158e-03 1.936501e-01 6.279e-04 0
58332.19723517731 1.158e-03 1.950224e-01 6.770e-04 0
58332.1984852294 1.158e-03 1.944646e-01 6.389e-04 0
58332.19973496157 1.158e-03 1.944036e-01 6.329e-04 0
58332.2010002294 1.158e-03 1.941497e-01 6.323e-04 0
58332.20223473009 1.157e-03 1.933018e-01 6.459e-04 0
58332.20348506157 1.158e-03 1.913317e-01 6.651e-04 0
58332.20474673519 1.158e-03 1.882916e-01 6.408e-04 0
58332.20599685093 1.158e-03 1.915827e-01 6.403e-04 0
58332.2072608088 1.158e-03 1.907264e-01 6.345e-04 0
58332.20849679306 1.158e-03 1.906724e-01 6.188e-04 0
58332.20974685092 1.158e-03 1.926475e-01 6.492e-04 0
